depth	min	max	median	mean
10	6309	6555	6435	6435
10.5	6311	6556	6436	6436
11	6312	6557	6437	6437
11.5	6314	6558	6438	6438
12	6315	6559	6440	6439
12.5	6316	6560	6441	6440
13	6317	6561	6442	6441
13.5	6319	6561	6443	6442
14	6320	6562	6444	6443
14.5	6321	6563	6445	6444
15	6322	6564	6446	6445
15.5	6323	6565	6447	6446
16	6324	6566	6448	6447
16.5	6325	6567	6449	6448
17	6326	6568	6450	6449
17.5	6327	6569	6451	6450
18	6328	6570	6452	6451
18.5	6329	6572	6453	6452
19	6330	6572	6454	6453
19.5	6331	6574	6455	6454
20	6333	6575	6456	6455
20.5	6334	6576	6457	6456
21	6335	6576	6458	6457
21.5	6336	6577	6459	6458
22	6337	6578	6460	6459
22.5	6338	6579	6460	6460
23	6339	6580	6461	6461
23.5	6340	6580	6462	6462
24	6341	6581	6463	6463
24.5	6342	6582	6464	6464
25	6343	6583	6466	6465
25.5	6344	6584	6467	6466
26	6345	6584	6467	6467
26.5	6346	6586	6468	6468
27	6348	6587	6469	6469
27.5	6349	6588	6470	6470
28	6350	6589	6471	6471
28.5	6351	6590	6472	6472
29	6352	6591	6473	6473
29.5	6353	6591	6474	6474
30	6354	6592	6475	6475
30.5	6355	6593	6476	6476
31	6356	6594	6477	6477
31.5	6357	6595	6478	6478
32	6358	6596	6479	6479
32.5	6360	6597	6480	6480
33	6361	6598	6481	6481
33.5	6362	6599	6482	6482
34	6364	6600	6483	6483
34.5	6365	6601	6484	6484
35	6366	6601	6485	6485
35.5	6367	6602	6486	6486
36	6369	6603	6487	6487
36.5	6370	6603	6488	6488
37	6370	6604	6489	6489
37.5	6371	6605	6490	6490
38	6372	6606	6491	6491
38.5	6373	6607	6492	6492
39	6374	6608	6493	6493
39.5	6375	6609	6493	6494
40	6376	6611	6495	6495
40.5	6378	6611	6495	6496
41	6379	6612	6496	6497
41.5	6380	6613	6497	6498
42	6381	6614	6498	6499
42.5	6382	6615	6499	6500
43	6383	6616	6500	6501
43.5	6384	6617	6501	6501
44	6385	6618	6502	6502
44.5	6386	6619	6503	6503
45	6387	6619	6504	6504
45.5	6388	6620	6505	6505
46	6389	6621	6506	6506
46.5	6390	6622	6507	6507
47	6391	6623	6508	6508
47.5	6392	6624	6509	6509
48	6393	6625	6510	6510
48.5	6394	6626	6511	6511
49	6395	6627	6512	6512
49.5	6396	6628	6513	6513
50	6397	6630	6514	6514
50.5	6397	6630	6515	6515
51	6399	6631	6516	6516
51.5	6400	6632	6517	6517
52	6401	6632	6518	6518
52.5	6401	6633	6519	6519
53	6402	6634	6520	6520
53.5	6403	6635	6521	6521
54	6404	6635	6522	6522
54.5	6405	6636	6523	6523
55	6406	6638	6524	6524
55.5	6407	6639	6525	6525
56	6408	6640	6526	6526
56.5	6409	6641	6527	6527
57	6410	6642	6528	6528
57.5	6411	6642	6529	6529
58	6413	6644	6530	6530
58.5	6413	6645	6531	6531
59	6415	6646	6532	6532
59.5	6415	6648	6533	6533
60	6416	6649	6534	6534
60.5	6417	6650	6535	6535
61	6419	6650	6536	6536
61.5	6420	6651	6537	6537
62	6422	6653	6538	6538
62.5	6423	6654	6539	6539
63	6424	6655	6540	6540
63.5	6424	6656	6541	6541
64	6425	6657	6542	6542
64.5	6426	6658	6543	6543
65	6427	6659	6544	6544
65.5	6428	6659	6545	6545
66	6429	6660	6546	6546
66.5	6430	6661	6547	6547
67	6431	6662	6548	6548
67.5	6432	6663	6550	6549
68	6433	6664	6551	6550
68.5	6433	6665	6552	6551
69	6434	6666	6553	6552
69.5	6435	6667	6554	6553
70	6436	6669	6555	6554
70.5	6437	6670	6556	6555
71	6439	6671	6557	6556
71.5	6440	6671	6558	6557
72	6441	6672	6559	6558
72.5	6442	6673	6560	6559
73	6444	6675	6561	6560
73.5	6445	6675	6562	6561
74	6445	6676	6563	6562
74.5	6446	6677	6564	6563
75	6447	6678	6565	6564
75.5	6448	6678	6566	6565
76	6449	6679	6567	6566
76.5	6450	6681	6568	6568
77	6452	6682	6569	6569
77.5	6453	6683	6570	6570
78	6454	6684	6571	6571
78.5	6455	6685	6572	6572
79	6456	6686	6573	6573
79.5	6457	6687	6574	6574
80	6458	6688	6575	6575
80.5	6459	6689	6576	6576
81	6460	6690	6577	6577
81.5	6461	6691	6578	6578
82	6462	6692	6579	6579
82.5	6464	6693	6580	6580
83	6465	6694	6581	6581
83.5	6466	6695	6582	6582
84	6466	6696	6583	6583
84.5	6467	6697	6584	6584
85	6469	6699	6585	6585
85.5	6469	6699	6586	6586
86	6471	6700	6587	6587
86.5	6471	6701	6588	6588
87	6472	6703	6589	6589
87.5	6473	6704	6590	6590
88	6474	6705	6591	6591
88.5	6476	6706	6592	6592
89	6477	6707	6593	6593
89.5	6478	6708	6594	6594
90	6479	6709	6595	6595
90.5	6480	6710	6596	6596
91	6481	6711	6597	6597
91.5	6482	6712	6598	6598
92	6483	6713	6599	6599
92.5	6483	6714	6599	6600
93	6484	6715	6601	6601
93.5	6485	6715	6602	6602
94	6486	6716	6603	6603
94.5	6486	6717	6604	6604
95	6487	6718	6605	6605
95.5	6488	6719	6606	6606
96	6489	6720	6606	6607
96.5	6490	6721	6608	6608
97	6491	6722	6609	6609
97.5	6492	6723	6610	6610
98	6493	6724	6611	6611
98.5	6494	6725	6612	6612
99	6495	6726	6613	6613
99.5	6496	6728	6614	6614
100	6497	6729	6615	6615
100.5	6498	6730	6616	6616
101	6499	6731	6617	6617
101.5	6500	6731	6618	6618
102	6501	6732	6619	6619
102.5	6502	6733	6620	6620
103	6503	6734	6621	6621
103.5	6504	6735	6622	6622
104	6506	6736	6623	6623
104.5	6506	6737	6624	6624
105	6507	6738	6625	6625
105.5	6508	6740	6626	6626
106	6509	6740	6627	6627
106.5	6511	6741	6628	6628
107	6512	6742	6629	6629
107.5	6513	6743	6630	6630
108	6514	6744	6631	6631
108.5	6515	6746	6632	6632
109	6516	6747	6633	6633
109.5	6517	6748	6634	6634
110	6518	6749	6635	6635
110.5	6519	6750	6636	6636
111	6520	6751	6637	6637
111.5	6521	6752	6638	6638
112	6522	6753	6639	6639
112.5	6523	6754	6640	6640
113	6524	6755	6641	6641
113.5	6525	6756	6642	6642
114	6526	6756	6643	6643
114.5	6527	6758	6644	6644
115	6528	6759	6645	6645
115.5	6529	6760	6646	6646
116	6530	6761	6647	6647
116.5	6531	6762	6648	6648
117	6532	6762	6649	6649
117.5	6533	6764	6650	6650
118	6534	6766	6651	6651
118.5	6536	6767	6652	6652
119	6537	6768	6653	6653
119.5	6538	6769	6654	6654
120	6539	6770	6655	6655
120.5	6540	6771	6656	6656
121	6541	6772	6657	6657
121.5	6542	6773	6658	6659
122	6543	6774	6659	6660
122.5	6544	6775	6660	6661
123	6546	6777	6661	6662
123.5	6547	6778	6662	6663
124	6548	6779	6663	6664
124.5	6549	6781	6664	6665
125	6550	6782	6665	6666
125.5	6551	6783	6667	6667
126	6553	6784	6668	6668
126.5	6553	6785	6669	6669
127	6554	6786	6669	6670
127.5	6555	6787	6670	6671
128	6556	6788	6671	6672
128.5	6557	6789	6672	6673
129	6558	6790	6673	6674
129.5	6559	6791	6674	6675
130	6560	6792	6675	6676
130.5	6562	6793	6676	6677
131	6563	6794	6678	6678
131.5	6563	6795	6679	6679
132	6564	6796	6680	6680
132.5	6565	6797	6681	6681
133	6567	6798	6682	6682
133.5	6567	6799	6683	6683
134	6568	6800	6684	6684
134.5	6569	6801	6685	6685
135	6570	6802	6686	6686
135.5	6571	6803	6687	6687
136	6572	6804	6688	6688
136.5	6573	6805	6689	6689
137	6574	6806	6690	6690
137.5	6575	6807	6691	6691
138	6576	6808	6692	6692
138.5	6577	6810	6693	6694
139	6577	6811	6694	6695
139.5	6578	6813	6695	6696
140	6579	6814	6696	6697
140.5	6580	6815	6697	6698
141	6581	6816	6698	6699
141.5	6582	6817	6699	6700
142	6584	6817	6700	6701
142.5	6585	6818	6701	6702
143	6585	6819	6702	6703
143.5	6586	6820	6703	6704
144	6588	6821	6704	6705
144.5	6589	6823	6705	6706
145	6589	6824	6706	6707
145.5	6590	6825	6707	6708
146	6591	6826	6708	6709
146.5	6593	6827	6709	6710
147	6593	6828	6710	6711
147.5	6594	6829	6711	6712
148	6595	6830	6712	6713
148.5	6596	6831	6713	6714
149	6597	6833	6714	6715
149.5	6598	6834	6715	6716
150	6599	6835	6716	6717
150.5	6600	6836	6717	6718
151	6601	6837	6718	6719
151.5	6602	6838	6719	6720
152	6603	6839	6720	6721
152.5	6605	6840	6721	6722
153	6606	6840	6723	6723
153.5	6607	6842	6724	6724
154	6608	6843	6725	6725
154.5	6609	6845	6726	6726
155	6610	6846	6727	6727
155.5	6611	6847	6728	6728
156	6611	6848	6729	6729
156.5	6612	6849	6730	6730
157	6613	6850	6731	6732
157.5	6614	6851	6732	6733
158	6615	6852	6733	6734
158.5	6616	6854	6734	6735
159	6617	6855	6736	6736
159.5	6617	6856	6736	6737
160	6618	6858	6737	6738
160.5	6619	6858	6738	6739
161	6620	6860	6739	6740
161.5	6622	6861	6740	6741
162	6622	6862	6742	6742
162.5	6623	6862	6742	6743
163	6624	6863	6743	6744
163.5	6626	6865	6744	6745
164	6627	6866	6746	6746
164.5	6628	6867	6747	6747
165	6628	6868	6748	6748
165.5	6629	6869	6749	6749
166	6630	6870	6750	6750
166.5	6631	6871	6751	6751
167	6632	6871	6752	6752
167.5	6632	6873	6753	6753
168	6633	6874	6754	6754
168.5	6634	6875	6755	6755
169	6635	6876	6756	6756
169.5	6636	6878	6757	6757
170	6637	6879	6758	6759
170.5	6639	6880	6759	6760
171	6640	6881	6760	6761
171.5	6641	6881	6761	6762
172	6642	6882	6762	6763
172.5	6643	6883	6763	6764
173	6644	6885	6764	6765
173.5	6645	6886	6765	6766
174	6646	6887	6766	6767
174.5	6647	6888	6767	6768
175	6648	6889	6768	6769
175.5	6649	6891	6769	6770
176	6650	6892	6770	6771
176.5	6651	6893	6771	6772
177	6652	6894	6772	6773
177.5	6653	6894	6773	6774
178	6654	6895	6774	6775
178.5	6656	6897	6776	6776
179	6657	6898	6777	6777
179.5	6658	6899	6778	6778
180	6658	6900	6779	6779
180.5	6659	6901	6780	6780
181	6660	6903	6781	6781
181.5	6661	6904	6782	6782
182	6662	6905	6783	6783
182.5	6663	6906	6784	6784
183	6664	6908	6785	6785
183.5	6665	6909	6786	6786
184	6666	6910	6787	6787
184.5	6667	6911	6788	6788
185	6668	6912	6789	6789
185.5	6669	6913	6790	6790
186	6669	6913	6791	6791
186.5	6670	6914	6792	6792
187	6671	6915	6793	6793
187.5	6672	6917	6794	6794
188	6673	6917	6795	6796
188.5	6674	6918	6796	6797
189	6675	6920	6797	6798
189.5	6676	6921	6798	6799
190	6677	6922	6799	6800
190.5	6678	6923	6800	6801
191	6679	6924	6801	6802
191.5	6681	6925	6802	6803
192	6682	6927	6803	6804
192.5	6682	6927	6804	6805
193	6683	6929	6805	6806
193.5	6684	6930	6806	6807
194	6684	6931	6807	6808
194.5	6685	6931	6808	6809
195	6685	6933	6809	6810
195.5	6687	6934	6810	6811
196	6687	6935	6811	6812
196.5	6688	6937	6812	6813
197	6689	6938	6813	6814
197.5	6690	6939	6814	6815
198	6691	6939	6815	6816
198.5	6692	6941	6816	6817
199	6693	6941	6817	6818
199.5	6694	6942	6819	6819
200	6695	6944	6820	6820
200.5	6696	6945	6821	6821
201	6697	6946	6822	6822
201.5	6698	6947	6823	6823
202	6698	6948	6824	6824
202.5	6699	6949	6825	6825
203	6700	6951	6826	6826
203.5	6701	6952	6827	6827
204	6702	6953	6828	6828
204.5	6703	6955	6829	6829
205	6704	6956	6830	6830
