depth(-15)	min	max	median	mean
18	7420	7640	7532	7532
18.5	7421	7641	7533	7533
19	7423	7642	7535	7534
19.5	7423	7643	7536	7535
20	7424	7644	7537	7536
20.5	7426	7645	7538	7537
21	7428	7646	7539	7538
21.5	7429	7647	7540	7539
22	7430	7648	7541	7540
22.5	7431	7650	7542	7541
23	7432	7651	7543	7542
23.5	7433	7652	7544	7543
24	7435	7653	7545	7544
24.5	7437	7653	7546	7545
25	7438	7654	7547	7546
25.5	7439	7655	7548	7547
26	7440	7656	7549	7549
26.5	7441	7657	7550	7550
27	7442	7658	7551	7551
27.5	7444	7659	7552	7552
28	7445	7660	7553	7553
28.5	7447	7661	7554	7554
29	7448	7662	7555	7555
29.5	7449	7663	7557	7556
30	7450	7663	7558	7557
30.5	7451	7664	7559	7559
31	7452	7665	7560	7560
31.5	7453	7667	7561	7561
32	7455	7668	7562	7562
32.5	7456	7669	7563	7563
33	7457	7670	7564	7564
33.5	7459	7671	7566	7565
34	7461	7672	7567	7567
34.5	7462	7673	7568	7568
35	7463	7674	7569	7569
35.5	7465	7675	7570	7570
36	7466	7676	7572	7571
36.5	7467	7677	7573	7572
37	7468	7678	7574	7574
37.5	7469	7680	7575	7575
38	7470	7681	7576	7576
38.5	7472	7681	7577	7577
39	7473	7682	7578	7578
39.5	7474	7683	7579	7579
40	7475	7684	7580	7580
40.5	7476	7684	7581	7581
41	7477	7686	7583	7583
41.5	7478	7687	7584	7584
42	7479	7688	7585	7585
42.5	7480	7689	7586	7586
43	7482	7690	7587	7587
43.5	7483	7691	7588	7588
44	7485	7692	7589	7589
44.5	7487	7693	7590	7590
45	7488	7694	7591	7591
45.5	7489	7695	7593	7593
46	7490	7696	7594	7594
46.5	7492	7697	7595	7595
47	7493	7698	7596	7596
47.5	7494	7699	7597	7597
48	7495	7700	7598	7598
48.5	7496	7701	7600	7599
49	7498	7702	7601	7601
49.5	7499	7703	7602	7602
50	7500	7704	7603	7603
50.5	7501	7706	7604	7604
51	7502	7706	7605	7605
51.5	7504	7707	7606	7606
52	7505	7708	7607	7607
52.5	7506	7709	7608	7608
53	7507	7710	7609	7610
53.5	7508	7711	7611	7611
54	7510	7712	7612	7612
54.5	7510	7713	7613	7613
55	7512	7714	7614	7614
55.5	7513	7715	7615	7615
56	7515	7716	7616	7616
56.5	7516	7718	7617	7618
57	7517	7719	7618	7619
57.5	7518	7719	7620	7620
58	7519	7721	7621	7621
58.5	7522	7721	7622	7622
59	7523	7722	7623	7623
59.5	7524	7723	7624	7624
60	7525	7724	7625	7625
60.5	7526	7725	7627	7627
61	7528	7727	7628	7628
61.5	7529	7728	7629	7629
62	7530	7729	7630	7630
62.5	7532	7730	7631	7631
63	7532	7731	7632	7632
63.5	7534	7732	7634	7633
64	7535	7733	7635	7635
64.5	7537	7734	7636	7636
65	7538	7735	7637	7637
65.5	7539	7736	7638	7638
66	7540	7737	7639	7639
66.5	7541	7738	7641	7640
67	7543	7739	7642	7642
67.5	7544	7740	7643	7643
68	7545	7741	7644	7644
68.5	7546	7741	7645	7645
69	7548	7743	7647	7646
69.5	7549	7743	7648	7647
70	7550	7745	7649	7648
70.5	7551	7746	7650	7650
71	7552	7747	7651	7651
71.5	7553	7748	7652	7652
72	7554	7748	7653	7653
72.5	7556	7750	7654	7654
73	7557	7751	7656	7655
73.5	7558	7752	7657	7656
74	7559	7753	7658	7657
74.5	7561	7754	7659	7659
75	7562	7755	7660	7660
75.5	7563	7756	7661	7661
76	7564	7757	7662	7662
76.5	7565	7758	7663	7663
77	7566	7760	7664	7664
77.5	7568	7760	7665	7665
78	7568	7761	7666	7666
78.5	7569	7762	7667	7667
79	7571	7763	7668	7668
79.5	7572	7764	7670	7670
80	7573	7765	7670	7671
80.5	7574	7767	7672	7672
81	7575	7767	7673	7673
81.5	7576	7769	7674	7674
82	7578	7770	7675	7675
82.5	7579	7771	7676	7676
83	7579	7772	7677	7677
83.5	7581	7773	7678	7678
84	7582	7774	7679	7679
84.5	7584	7775	7681	7680
85	7585	7776	7682	7681
85.5	7586	7777	7683	7683
86	7588	7778	7684	7684
86.5	7589	7779	7685	7685
87	7590	7780	7686	7686
87.5	7591	7781	7687	7687
88	7592	7782	7688	7688
88.5	7593	7783	7689	7689
89	7594	7784	7690	7690
89.5	7595	7785	7691	7691
90	7596	7786	7692	7692
90.5	7597	7787	7693	7693
91	7598	7788	7694	7694
91.5	7600	7789	7696	7695
92	7601	7790	7697	7696
92.5	7602	7791	7698	7697
93	7603	7792	7699	7698
93.5	7603	7793	7700	7699
94	7605	7794	7701	7700
94.5	7606	7794	7702	7701
95	7607	7795	7703	7702
95.5	7608	7796	7704	7703
96	7609	7797	7705	7704
96.5	7610	7798	7706	7705
97	7611	7799	7707	7706
97.5	7612	7800	7708	7707
98	7613	7801	7709	7708
98.5	7614	7802	7710	7709
99	7615	7803	7711	7710
99.5	7615	7803	7712	7711
100	7617	7804	7713	7712
100.5	7618	7805	7714	7713
101	7619	7806	7715	7714
101.5	7620	7807	7716	7715
102	7621	7808	7717	7716
102.5	7621	7809	7718	7717
103	7622	7810	7719	7718
103.5	7623	7811	7720	7719
104	7625	7812	7721	7720
104.5	7626	7813	7722	7721
105	7627	7814	7723	7722
105.5	7628	7815	7724	7723
106	7629	7816	7725	7724
106.5	7630	7817	7726	7725
107	7630	7818	7727	7726
107.5	7631	7819	7728	7727
108	7632	7821	7728	7728
108.5	7633	7821	7729	7729
109	7634	7822	7730	7730
109.5	7635	7823	7731	7731
110	7636	7824	7733	7732
110.5	7637	7825	7733	7733
111	7638	7826	7735	7734
111.5	7639	7827	7736	7735
112	7640	7828	7737	7736
112.5	7641	7829	7738	7737
113	7641	7830	7739	7738
113.5	7643	7831	7740	7738
114	7644	7832	7740	7739
114.5	7645	7833	7741	7740
115	7646	7833	7742	7741
115.5	7647	7834	7743	7742
116	7648	7835	7744	7743
116.5	7648	7836	7745	7744
117	7649	7837	7746	7745
117.5	7650	7837	7747	7746
118	7652	7838	7748	7747
118.5	7652	7839	7749	7748
119	7653	7840	7750	7749
119.5	7654	7842	7751	7750
120	7655	7843	7752	7751
120.5	7657	7844	7753	7752
121	7658	7845	7754	7753
121.5	7659	7846	7755	7754
122	7660	7847	7755	7755
122.5	7661	7848	7756	7756
123	7662	7849	7757	7757
123.5	7663	7850	7758	7758
124	7664	7851	7759	7759
124.5	7665	7851	7760	7760
125	7666	7852	7761	7760
125.5	7667	7853	7762	7761
126	7668	7854	7763	7762
126.5	7669	7854	7764	7763
127	7670	7855	7765	7764
127.5	7671	7856	7766	7765
128	7671	7857	7767	7766
128.5	7672	7857	7768	7767
129	7673	7858	7769	7768
129.5	7674	7859	7770	7769
130	7675	7860	7771	7770
130.5	7676	7861	7772	7771
131	7677	7862	7773	7772
131.5	7678	7864	7774	7773
132	7679	7865	7775	7774
132.5	7680	7866	7776	7775
133	7681	7867	7777	7776
133.5	7682	7867	7778	7777
134	7683	7868	7779	7778
134.5	7684	7869	7780	7779
135	7685	7870	7781	7780
135.5	7686	7871	7782	7781
136	7687	7872	7783	7782
136.5	7688	7873	7783	7782
137	7689	7874	7784	7783
137.5	7690	7875	7785	7784
138	7690	7876	7786	7785
138.5	7692	7877	7787	7786
139	7692	7877	7788	7787
139.5	7693	7878	7789	7788
140	7694	7879	7790	7789
140.5	7695	7881	7791	7790
141	7696	7882	7792	7791
141.5	7696	7883	7793	7792
142	7697	7884	7794	7793
142.5	7698	7885	7795	7794
143	7699	7887	7796	7795
143.5	7700	7887	7797	7796
144	7701	7888	7798	7797
144.5	7701	7889	7799	7798
145	7703	7890	7800	7799
145.5	7704	7891	7801	7800
146	7705	7892	7802	7801
146.5	7706	7893	7803	7802
147	7707	7894	7804	7803
147.5	7708	7895	7805	7804
148	7709	7896	7806	7804
148.5	7710	7897	7807	7805
149	7711	7897	7808	7806
149.5	7711	7898	7809	7807
150	7712	7900	7809	7808
150.5	7713	7900	7810	7809
151	7715	7901	7811	7810
151.5	7716	7902	7812	7811
152	7717	7903	7813	7812
152.5	7717	7904	7814	7813
153	7718	7905	7815	7814
153.5	7719	7906	7816	7815
154	7720	7907	7817	7816
154.5	7721	7908	7818	7817
155	7722	7909	7819	7818
155.5	7723	7910	7820	7819
156	7724	7911	7820	7820
156.5	7725	7912	7821	7821
157	7726	7913	7822	7821
157.5	7727	7914	7823	7822
158	7727	7915	7824	7823
158.5	7728	7916	7825	7824
159	7729	7917	7826	7825
159.5	7730	7918	7827	7826
160	7731	7919	7828	7827
160.5	7732	7920	7829	7828
161	7733	7921	7830	7829
161.5	7734	7922	7831	7830
162	7735	7922	7832	7831
162.5	7736	7923	7833	7832
163	7737	7925	7833	7832
163.5	7738	7926	7834	7833
164	7739	7927	7835	7834
164.5	7740	7928	7836	7835
165	7741	7929	7837	7836
165.5	7742	7929	7838	7837
166	7743	7930	7839	7838
166.5	7744	7930	7840	7839
167	7745	7931	7841	7840
167.5	7746	7932	7842	7841
168	7747	7933	7843	7842
168.5	7748	7934	7844	7843
169	7748	7935	7845	7844
169.5	7749	7936	7846	7844
170	7750	7937	7847	7845
170.5	7751	7938	7848	7846
171	7751	7939	7848	7847
171.5	7752	7940	7849	7848
172	7753	7941	7850	7849
172.5	7754	7941	7851	7850
173	7755	7942	7852	7851
173.5	7756	7943	7853	7852
174	7756	7944	7854	7853
174.5	7757	7945	7855	7854
175	7759	7946	7856	7855
175.5	7760	7948	7857	7856
176	7760	7949	7858	7856
176.5	7762	7950	7859	7857
177	7763	7951	7860	7858
177.5	7763	7952	7860	7859
178	7764	7953	7861	7860
178.5	7765	7954	7862	7861
179	7766	7954	7863	7862
179.5	7767	7955	7864	7863
180	7768	7956	7865	7864
180.5	7769	7957	7866	7865
181	7769	7958	7867	7866
181.5	7770	7958	7867	7867
182	7771	7959	7868	7868
182.5	7772	7961	7869	7869
183	7773	7962	7870	7870
183.5	7774	7963	7871	7870
184	7775	7964	7872	7871
184.5	7776	7964	7873	7872
185	7777	7965	7874	7873
185.5	7778	7966	7875	7874
186	7778	7967	7876	7875
186.5	7780	7968	7877	7876
187	7780	7969	7878	7877
187.5	7781	7970	7879	7878
188	7782	7971	7880	7879
188.5	7783	7973	7881	7880
189	7783	7974	7882	7881
189.5	7784	7975	7883	7882
190	7785	7977	7884	7883
190.5	7786	7978	7885	7884
191	7788	7979	7885	7885
191.5	7788	7980	7886	7886
192	7789	7981	7887	7887
192.5	7790	7982	7889	7888
193	7791	7983	7890	7889
193.5	7792	7984	7890	7890
194	7793	7986	7892	7891
194.5	7794	7987	7893	7892
195	7795	7988	7893	7893
195.5	7796	7989	7894	7894
196	7797	7990	7895	7895
196.5	7797	7991	7897	7896
197	7798	7993	7898	7897
197.5	7799	7994	7899	7898
198	7800	7995	7900	7898
198.5	7800	7995	7901	7899
199	7801	7997	7902	7900
199.5	7803	7998	7903	7901
200	7804	7998	7904	7902
200.5	7804	7999	7905	7903
201	7805	8000	7906	7904
201.5	7806	8001	7907	7905
202	7807	8002	7908	7906
202.5	7808	8003	7909	7907
203	7809	8004	7910	7908
203.5	7810	8005	7911	7909
204	7811	8006	7911	7910
204.5	7812	8007	7912	7911
205	7813	8008	7913	7912
205.5	7814	8009	7914	7913
206	7815	8009	7915	7914
206.5	7816	8011	7916	7915
207	7817	8011	7917	7916
207.5	7817	8013	7918	7917
208	7818	8015	7919	7918
208.5	7819	8015	7920	7919
209	7820	8016	7921	7920
209.5	7821	8017	7922	7921
210	7821	8019	7923	7922
210.5	7822	8020	7924	7923
211	7823	8021	7925	7924
211.5	7824	8022	7926	7925
212	7825	8024	7927	7926
212.5	7826	8025	7928	7927
213	7827	8026	7929	7928
213.5	7828	8027	7930	7929
214	7829	8029	7931	7930
214.5	7829	8029	7932	7931
215	7831	8030	7933	7932
215.5	7831	8032	7934	7933
216	7833	8033	7935	7934
