depth	min	max	median	mean
0	7249	7425	7337	7336
0.5	7249	7425	7337	7337
1	7250	7425	7338	7337
1.5	7250	7426	7339	7338
2	7251	7426	7339	7338
2.5	7251	7426	7340	7339
3	7252	7427	7340	7339
3.5	7252	7427	7341	7340
4	7253	7428	7341	7340
4.5	7253	7428	7341	7341
5	7254	7429	7342	7341
5.5	7254	7429	7343	7342
6	7255	7430	7343	7342
6.5	7256	7431	7344	7343
7	7256	7431	7344	7343
7.5	7257	7432	7345	7344
8	7258	7432	7345	7344
8.5	7258	7433	7346	7345
9	7259	7433	7346	7345
9.5	7259	7434	7347	7346
10	7260	7434	7348	7346
10.5	7260	7435	7348	7347
11	7261	7435	7349	7347
11.5	7261	7436	7349	7348
12	7262	7436	7350	7348
12.5	7262	7437	7350	7349
13	7263	7438	7350	7349
13.5	7264	7438	7351	7350
14	7264	7439	7351	7350
14.5	7264	7439	7352	7351
15	7265	7439	7352	7352
15.5	7265	7440	7353	7352
16	7266	7440	7353	7352
16.5	7267	7441	7354	7353
17	7267	7441	7354	7353
17.5	7268	7442	7355	7354
18	7268	7442	7355	7354
18.5	7269	7443	7356	7355
19	7269	7443	7356	7355
19.5	7270	7444	7357	7356
20	7270	7444	7357	7356
20.5	7271	7445	7358	7357
21	7272	7445	7358	7357
21.5	7272	7445	7359	7358
22	7273	7446	7359	7358
22.5	7273	7447	7360	7359
23	7274	7448	7360	7360
23.5	7274	7448	7361	7360
24	7275	7448	7361	7361
24.5	7275	7449	7362	7361
25	7276	7450	7362	7362
25.5	7276	7450	7363	7362
26	7276	7451	7363	7363
26.5	7277	7451	7364	7363
27	7278	7451	7364	7364
27.5	7278	7452	7364	7364
28	7278	7452	7365	7365
28.5	7279	7452	7365	7365
29	7279	7453	7366	7366
29.5	7279	7453	7367	7366
30	7280	7453	7367	7367
30.5	7280	7454	7367	7367
31	7281	7455	7368	7368
31.5	7281	7455	7368	7368
32	7282	7455	7369	7369
32.5	7282	7456	7369	7369
33	7283	7456	7370	7370
33.5	7283	7457	7370	7370
34	7284	7457	7371	7371
34.5	7284	7458	7371	7371
35	7284	7458	7372	7372
35.5	7285	7459	7372	7372
36	7286	7459	7373	7373
36.5	7286	7460	7373	7373
37	7287	7460	7374	7374
37.5	7287	7461	7374	7374
38	7288	7462	7375	7375
38.5	7288	7462	7375	7375
39	7289	7463	7376	7376
39.5	7289	7463	7376	7376
40	7290	7464	7377	7377
40.5	7291	7464	7377	7377
41	7291	7464	7378	7378
41.5	7292	7465	7378	7378
42	7292	7465	7379	7379
42.5	7293	7466	7379	7379
43	7293	7466	7380	7380
43.5	7294	7467	7380	7380
44	7294	7467	7381	7381
44.5	7295	7468	7381	7381
45	7295	7468	7382	7382
45.5	7295	7469	7382	7382
46	7296	7469	7383	7383
46.5	7297	7470	7383	7383
47	7297	7471	7384	7384
47.5	7298	7471	7384	7384
48	7299	7471	7385	7385
48.5	7299	7472	7385	7385
49	7300	7472	7386	7386
49.5	7300	7473	7386	7386
50	7301	7473	7387	7387
50.5	7301	7474	7387	7387
51	7302	7474	7388	7388
51.5	7302	7475	7388	7388
52	7303	7475	7389	7389
52.5	7303	7476	7389	7389
53	7304	7477	7390	7390
53.5	7304	7477	7390	7390
54	7305	7478	7391	7391
54.5	7305	7478	7391	7391
55	7306	7479	7392	7392
55.5	7307	7479	7392	7392
56	7307	7480	7393	7393
56.5	7308	7480	7393	7393
57	7308	7481	7394	7394
57.5	7309	7481	7394	7394
58	7309	7482	7395	7395
58.5	7310	7482	7395	7395
59	7311	7483	7396	7396
59.5	7311	7483	7396	7396
60	7312	7484	7397	7397
60.5	7312	7484	7397	7397
61	7313	7485	7398	7398
61.5	7313	7485	7398	7398
62	7314	7486	7399	7399
62.5	7314	7487	7399	7399
63	7314	7487	7400	7400
63.5	7315	7488	7400	7400
64	7315	7489	7401	7401
64.5	7316	7489	7401	7401
65	7316	7489	7402	7402
65.5	7317	7490	7402	7402
66	7317	7490	7403	7403
66.5	7318	7491	7403	7403
67	7318	7491	7404	7404
67.5	7319	7492	7404	7404
68	7319	7492	7405	7405
68.5	7320	7493	7405	7405
69	7320	7493	7406	7406
69.5	7320	7494	7406	7406
70	7321	7494	7407	7407
70.5	7321	7495	7407	7407
71	7322	7495	7407	7408
71.5	7323	7495	7408	7408
72	7323	7496	7409	7409
72.5	7324	7497	7409	7409
73	7324	7497	7409	7410
73.5	7325	7498	7410	7410
74	7325	7498	7410	7411
74.5	7326	7499	7411	7411
75	7326	7499	7412	7412
75.5	7327	7500	7412	7412
76	7327	7500	7412	7413
76.5	7328	7501	7413	7413
77	7328	7502	7413	7414
77.5	7329	7502	7414	7414
78	7329	7503	7414	7415
78.5	7330	7503	7415	7415
79	7330	7503	7416	7416
79.5	7331	7504	7416	7416
80	7331	7504	7417	7417
80.5	7332	7505	7417	7417
81	7332	7505	7417	7418
81.5	7333	7506	7418	7418
82	7333	7506	7418	7419
82.5	7334	7507	7419	7419
83	7334	7507	7419	7420
83.5	7335	7508	7420	7421
84	7335	7508	7421	7421
84.5	7336	7509	7421	7422
85	7336	7509	7422	7422
85.5	7336	7510	7422	7423
86	7337	7510	7423	7423
86.5	7338	7511	7423	7424
87	7338	7511	7424	7424
87.5	7339	7511	7424	7425
88	7339	7512	7425	7425
88.5	7340	7512	7425	7426
89	7340	7513	7426	7426
89.5	7341	7513	7426	7427
90	7341	7513	7427	7427
90.5	7342	7514	7427	7428
91	7343	7515	7427	7428
91.5	7343	7515	7428	7429
92	7343	7516	7428	7429
92.5	7344	7516	7429	7430
93	7344	7517	7430	7430
93.5	7344	7517	7430	7431
94	7345	7518	7431	7431
94.5	7345	7519	7431	7432
95	7346	7519	7432	7432
95.5	7346	7519	7432	7433
96	7347	7520	7433	7433
96.5	7348	7520	7433	7434
97	7349	7521	7434	7434
97.5	7349	7521	7434	7435
98	7350	7521	7435	7435
98.5	7350	7522	7435	7436
99	7350	7522	7435	7436
99.5	7351	7523	7436	7437
100	7351	7523	7436	7437
100.5	7352	7524	7437	7438
101	7352	7524	7437	7438
101.5	7353	7525	7438	7439
102	7353	7525	7438	7439
102.5	7353	7526	7439	7440
103	7354	7527	7439	7440
103.5	7354	7527	7440	7441
104	7354	7528	7440	7441
104.5	7355	7529	7441	7442
105	7355	7529	7442	7442
105.5	7356	7530	7442	7443
106	7356	7530	7443	7443
106.5	7357	7531	7443	7444
107	7357	7531	7444	7444
107.5	7357	7532	7444	7445
108	7358	7532	7445	7445
108.5	7359	7532	7445	7446
109	7359	7533	7446	7446
109.5	7359	7533	7446	7447
110	7360	7534	7447	7447
110.5	7360	7534	7448	7448
111	7360	7535	7448	7448
111.5	7361	7535	7448	7449
112	7362	7536	7449	7449
112.5	7362	7536	7449	7450
113	7363	7537	7450	7450
113.5	7363	7537	7450	7451
114	7364	7538	7451	7451
114.5	7364	7538	7452	7452
115	7365	7539	7452	7452
115.5	7365	7540	7453	7453
116	7366	7540	7453	7453
116.5	7366	7541	7454	7454
117	7367	7541	7454	7454
117.5	7367	7542	7455	7455
118	7367	7542	7455	7455
118.5	7368	7543	7456	7456
119	7368	7544	7456	7456
119.5	7369	7544	7457	7457
120	7369	7545	7457	7458
120.5	7370	7545	7458	7458
121	7371	7545	7458	7459
121.5	7371	7546	7459	7459
122	7372	7547	7459	7460
122.5	7373	7547	7460	7460
123	7373	7548	7460	7461
123.5	7374	7548	7461	7461
124	7374	7549	7461	7462
124.5	7375	7549	7462	7462
125	7375	7550	7462	7463
125.5	7376	7550	7463	7463
126	7376	7551	7463	7464
126.5	7377	7551	7464	7464
127	7377	7551	7465	7465
127.5	7378	7552	7465	7465
128	7378	7552	7466	7466
128.5	7379	7553	7466	7466
129	7380	7553	7466	7467
129.5	7380	7554	7467	7467
130	7381	7554	7467	7468
130.5	7381	7555	7468	7468
131	7382	7556	7468	7469
131.5	7382	7556	7469	7469
132	7382	7557	7470	7470
132.5	7383	7557	7470	7470
133	7383	7558	7471	7471
133.5	7384	7558	7471	7471
134	7384	7559	7471	7472
134.5	7384	7559	7472	7472
135	7385	7560	7472	7473
135.5	7386	7560	7473	7473
136	7386	7561	7473	7474
136.5	7387	7561	7474	7474
137	7387	7561	7474	7475
137.5	7387	7562	7475	7475
138	7388	7562	7475	7476
138.5	7389	7563	7476	7476
139	7389	7563	7476	7477
139.5	7390	7564	7477	7477
140	7390	7564	7477	7478
140.5	7391	7565	7478	7478
141	7391	7565	7478	7479
141.5	7392	7566	7479	7479
142	7392	7566	7479	7480
142.5	7393	7567	7480	7480
143	7393	7568	7481	7481
143.5	7393	7568	7481	7481
144	7394	7569	7482	7482
144.5	7394	7570	7482	7482
145	7394	7570	7483	7483
145.5	7395	7571	7483	7483
146	7395	7571	7484	7484
146.5	7396	7572	7484	7484
147	7397	7573	7485	7485
147.5	7397	7573	7485	7485
148	7397	7574	7486	7486
148.5	7398	7575	7486	7486
149	7398	7575	7487	7487
149.5	7398	7576	7487	7487
